[ 4841.173831] [Project1] 4012 1587989797.585225762 1587989799.511004059
[ 4844.006599] [Project1] 4013 1587989800.465246422 1587989802.343803860
[ 4846.812877] [Project1] 4014 1587989803.285059589 1587989805.150123558
[ 4847.115005] [Project1] 3980 1587989750.906637629 1587989805.452251971
[ 4849.724075] [Project1] 4015 1587989806.113288206 1587989808.061352684
[ 4852.539934] [Project1] 4016 1587989809.017410085 1587989810.877248665
[ 4855.354561] [Project1] 4017 1587989811.841480289 1587989813.691914169
[ 4858.108975] [Project1] 4018 1587989814.645369446 1587989816.446357404
[ 4859.580759] [Project1] 3981 1587989759.505270415 1587989817.918161116
[ 4860.762027] [Project1] 3983 1587989765.805144510 1587989819.099432954
[ 4861.353270] [Project1] 4019 1587989817.940912516 1587989819.690669938
[ 4866.016630] [Project1] 4025 1587989822.645186941 1587989824.354109590
[ 4869.265001] [Project1] 4026 1587989825.781463410 1587989827.602517671
[ 4880.052530] [Project1] 3987 1587989776.577560359 1587989838.390182432
[ 4882.128097] [Project1] 3986 1587989774.673211589 1587989840.465766364
[ 4882.449323] [Project1] 3984 1587989772.973132589 1587989840.786997762
