[ 5136.464823] [Project1] 4144 1587990093.785758420 1587990094.805171226
[ 5138.675988] [Project1] 4146 1587990095.951651558 1587990097.016328508
[ 5140.592144] [Project1] 4147 1587990097.956067069 1587990098.932549044
[ 5142.579681] [Project1] 4148 1587990099.925141784 1587990100.920089080
[ 5144.462534] [Project1] 4149 1587990101.830398504 1587990102.802974687
[ 5146.271329] [Project1] 4150 1587990103.678937443 1587990104.611772141
[ 5148.336068] [Project1] 4151 1587990105.661362343 1587990106.676538858
[ 5150.263811] [Project1] 4152 1587990107.617640065 1587990108.604299293
[ 5152.193525] [Project1] 4153 1587990109.545115576 1587990110.534040136
[ 5154.190232] [Project1] 4154 1587990111.506357961 1587990112.530763375
